# oST version 5.0 parameters


[image]

width
1080

height
1920

[narrow_stereo]

camera matrix
1572.862632 0.000000 630.524940
0.000000 1561.715035 942.743818
0.000000 0.000000 1.000000

distortion
0.033785 0.056623 -0.005826 0.002085 0.000000

rectification
1.000000 0.000000 0.000000
0.000000 1.000000 0.000000
0.000000 0.000000 1.000000

projection
1624.028809 0.000000 630.562473 0.000000
0.000000 1607.289673 932.952917 0.000000
0.000000 0.000000 1.000000 0.000000

