# oST version 5.0 parameters


[image]

width
1080

height
1920

[narrow_stereo]

camera matrix
1556.569375 0.000000 593.657439
0.000000 1549.264218 897.492837
0.000000 0.000000 1.000000

distortion
0.069308 -0.054572 -0.018314 0.008314 0.000000

rectification
1.000000 0.000000 0.000000
0.000000 1.000000 0.000000
0.000000 0.000000 1.000000

projection
1613.651978 0.000000 600.920655 0.000000
0.000000 1577.208618 864.683974 0.000000
0.000000 0.000000 1.000000 0.000000

