# oST version 5.0 parameters


[image]

width
1080

height
1920

[narrow_stereo]

camera matrix
1745.617873 0.000000 583.289214
0.000000 1740.462151 962.926108
0.000000 0.000000 1.000000

distortion
0.189414 -0.429374 0.000517 0.003515 0.000000

rectification
1.000000 0.000000 0.000000
0.000000 1.000000 0.000000
0.000000 0.000000 1.000000

projection
1780.221436 0.000000 585.346769 0.000000
0.000000 1772.282959 963.361612 0.000000
0.000000 0.000000 1.000000 0.000000

