# oST version 5.0 parameters


[image]

width
1080

height
1920

[narrow_stereo]

camera matrix
1449.702094 0.000000 475.086023
0.000000 1449.139661 1044.959161
0.000000 0.000000 1.000000

distortion
0.046762 0.091740 0.025840 -0.014839 0.000000

rectification
1.000000 0.000000 0.000000
0.000000 1.000000 0.000000
0.000000 0.000000 1.000000

projection
1539.226074 0.000000 462.629189 0.000000
0.000000 1514.712036 1079.302440 0.000000
0.000000 0.000000 1.000000 0.000000

