image_width: 1080
image_height: 1920
camera_name: narrow_stereo
camera_matrix:
  rows: 3
  cols: 3
  data: [1449.702094, 0.000000, 475.086023, 0.000000, 1449.139661, 1044.959161, 0.000000, 0.000000, 1.000000]
distortion_model: plumb_bob
distortion_coefficients:
  rows: 1
  cols: 5
  data: [0.046762, 0.091740, 0.025840, -0.014839, 0.000000]
rectification_matrix:
  rows: 3
  cols: 3
  data: [1.000000, 0.000000, 0.000000, 0.000000, 1.000000, 0.000000, 0.000000, 0.000000, 1.000000]
projection_matrix:
  rows: 3
  cols: 4
  data: [1539.226074, 0.000000, 462.629189, 0.000000, 0.000000, 1514.712036, 1079.302440, 0.000000, 0.000000, 0.000000, 1.000000, 0.000000]
