# oST version 5.0 parameters


[image]

width
1080

height
1920

[narrow_stereo]

camera matrix
1505.496854 0.000000 621.662572
0.000000 1506.104678 912.232422
0.000000 0.000000 1.000000

distortion
0.096336 -0.055662 -0.016681 0.008651 0.000000

rectification
1.000000 0.000000 0.000000
0.000000 1.000000 0.000000
0.000000 0.000000 1.000000

projection
1576.468994 0.000000 628.782448 0.000000
0.000000 1554.911499 883.777907 0.000000
0.000000 0.000000 1.000000 0.000000

