# oST version 5.0 parameters


[image]

width
1080

height
1920

[narrow_stereo]

camera matrix
1783.761941 0.000000 589.380675
0.000000 1775.176604 936.231470
0.000000 0.000000 1.000000

distortion
0.189486 -0.700335 -0.013834 0.014475 0.000000

rectification
1.000000 0.000000 0.000000
0.000000 1.000000 0.000000
0.000000 0.000000 1.000000

projection
1814.231689 0.000000 598.422787 0.000000
0.000000 1758.981812 906.448158 0.000000
0.000000 0.000000 1.000000 0.000000

